22/11/2019 34.80  34.80  -0.20 (-0.57 %)    7310170  250192000000  0  0  34.80  35.15  33.40 
21/11/2019 35.00  35.00  -0.15 (-0.43 %)    4127820  144554000000  8924293  291824381100  35.10  35.15  34.80 
20/11/2019 35.15  35.15  -0.15 (-0.42 %)    6273980  220303000000  0  0  35.30  35.35  34.70 
19/11/2019 35.30  35.30  0.10 (0.28 %)    6523420  230709000000  2488261  86848869150  35.20  35.55  35.15 
18/11/2019 35.20  35.20  0.00 (0.00 %)    5992350  210849000000  0  0  35.30  35.30  34.90 
15/11/2019 35.20  35.20  0.20 (0.57 %)    6260710  220165000000  586380  20684895000  35.20  35.45  34.95 
14/11/2019 35.00  35.00  0.30 (0.86 %)    6503100  226934000000  250000  8412500000  34.90  35.15  34.75 
13/11/2019 34.70  34.70  0.00 (0.00 %)    5588650  193703000000  300000  10380000000  34.70  34.95  34.45 
12/11/2019 34.70  34.70  0.00 (0.00 %)    3146930  109482000000  1618200  56297178000  34.90  35.00  34.65 
11/11/2019 34.70  34.70  0.05 (0.14 %)    2275720  79309000000  1687290  58797056500  34.80  35.20  34.60 
08/11/2019 34.65  34.65  -0.55 (-1.56 %)    4070760  142266000000  457400  16003336000  35.50  35.50  34.65 
07/11/2019 35.20  35.20  0.05 (0.14 %)    3738230  132424000000  270000  9169200000  35.25  35.75  35.00 
06/11/2019 35.15  35.15  -0.45 (-1.26 %)    3878200  137417000000  891500  31147550000  35.30  35.85  35.15 
05/11/2019 35.60  35.60  0.70 (2.01 %)    4236650  150233000000  383000  13359300000  35.00  35.80  34.95 
04/11/2019 34.90  34.90  -0.15 (-0.43 %)    3544600  123978000000  120000  3924000000  35.00  35.40  34.60 
01/11/2019 35.05  35.05  1.85 (5.57 %)    9671220  333191000000  893550  30266441500  33.20  35.30  33.20 
31/10/2019 33.20  33.20  -0.05 (-0.15 %)    3552630  117881000000  540000  17648000000  33.30  33.45  33.00 
30/10/2019 33.25  33.25  0.65 (1.99 %)    3535150  116987000000  300000  9405000000  32.70  33.35  32.65 
29/10/2019 32.60  32.60  0.15 (0.46 %)    2276050  74303000000  320000  9984000000  32.45  32.80  32.45 
28/10/2019 32.45  32.45  -0.10 (-0.31 %)    1598210  51920000000  0  0  32.60  32.65  32.20 
05/12/2018 32.95  32.95  0.25 (0.76 %)    2079660  68315000000  0  0  32.45  33.15  32.25 
04/12/2018 32.70  32.70  1.35 (4.31 %)    3729070  120776000000  1000000  32080000000  31.80  33.20  31.70 
03/12/2018 31.35  31.35  0.65 (2.12 %)    2013330  63201000000  200000  6280000000  30.70  31.55  30.70 
30/11/2018 30.70  30.70  -0.50 (-1.60 %)    1809290  56442000000  420000  13251000000  31.20  31.60  30.70 
29/11/2018 31.20  31.20  0.20 (0.65 %)    1953160  61405000000  177340  5545421800  31.10  31.80  31.10 
28/11/2018 31.00  31.00  0.20 (0.65 %)    636790  19665000000  248000  7668160000  30.80  31.00  30.70 
27/11/2018 30.80  30.80  -0.15 (-0.48 %)    1060950  33112000000  0  0  31.10  31.40  30.80 
26/11/2018 30.95  30.95  0.15 (0.49 %)    718840  22213000000  0  0  30.90  31.20  30.60 
23/11/2018 30.80  30.80  -0.50 (-1.60 %)    883420  27581000000  0  0  31.45  31.50  30.80 
22/11/2018 31.30  31.30  -0.30 (-0.95 %)    763390  24178000000  177000  5587890000  31.85  31.95  31.30 
21/11/2018 31.60  31.60  0.95 (3.10 %)    1678690  52168000000  0  0  30.15  31.65  30.15 
20/11/2018 30.65  30.65  0.50 (1.66 %)    1445630  43821000000  50990  1545506900  30.10  30.65  30.05 
19/11/2018 30.15  30.15  0.15 (0.50 %)    707980  21294000000  0  0  30.00  30.40  29.95 
16/11/2018 30.00  30.00  -0.40 (-1.32 %)    946970  28462000000  268900  8080445000  30.35  30.50  29.90 
15/11/2018 30.40  30.40  0.35 (1.16 %)    748760  22585000000  0  0  30.00  30.40  29.95 
14/11/2018 30.05  30.05  -0.15 (-0.50 %)    949010  28609000000  0  0  30.00  30.50  30.00 
13/11/2018 30.20  30.20  -0.70 (-2.27 %)    878980  26648000000  0  0  30.30  30.60  30.15 
12/11/2018 30.90  30.90  0.05 (0.16 %)    589610  18079000000  0  0  30.60  30.90  30.00 
09/11/2018 30.85  30.85  -0.15 (-0.48 %)    1613770  49908000000  0  0  31.00  31.20  30.70 
08/11/2018 31.00  31.00  0.60 (1.97 %)    1763770  54638000000  0  0  30.60  31.40  30.60 
27/09/2019 33.25  33.25  0.50 (1.53 %)    5894250  194148000000  1178790  38607723000  32.80  33.30  32.50 
26/09/2019 32.75  32.75  -0.75 (-2.24 %)    4767290  157424000000  400000  13348000000  33.60  33.65  32.75 
25/09/2019 33.50  33.50  -0.30 (-0.89 %)    1712360  57701000000  233000  7836460000  33.80  34.00  33.50 
24/09/2019 33.80  33.80  0.10 (0.30 %)    1430510  48316000000  649270  21910385400  33.80  34.15  33.60 
23/09/2019 33.70  33.70  -0.25 (-0.74 %)    2513680  85113000000  1321560  44680007000  34.20  34.20  33.65 
20/09/2019 33.95  33.95  -0.15 (-0.44 %)    3228690  110104000000  1067520  36398432000  34.20  34.40  33.95 
19/09/2019 34.10  34.10  0.15 (0.44 %)    1320480  44994000000  648000  22075350000  34.00  34.20  33.95 
18/09/2019 33.95  33.95  -0.25 (-0.73 %)    2398990  81934000000  3644840  123742318000  34.25  34.60  33.95 
17/09/2019 34.20  34.20  0.20 (0.59 %)    3170730  108963000000  5729970  195964974000  34.25  34.70  34.00 
16/09/2019 34.00  34.00  0.05 (0.15 %)    1692510  57807000000  0  0  34.25  34.30  33.95 
13/09/2019 33.95  33.95  0.00 (0.00 %)    1552420  52703000000  364800  12381612000  34.10  34.20  33.75 
12/09/2019 33.95  33.95  0.00 (0.00 %)    917120  31297000000  365790  12749740400  34.20  34.30  33.90 
11/09/2019 33.95  33.95  0.25 (0.74 %)    965520  32567000000  0  0  33.70  33.95  33.55 
10/09/2019 33.70  33.70  -0.30 (-0.88 %)    1524460  51649000000  157610  5342020400  34.00  34.15  33.70 
09/09/2019 34.00  34.00  -0.10 (-0.29 %)    473980  16149000000  127170  4323780000  34.10  34.30  34.00 
06/09/2019 34.10  34.10  0.00 (0.00 %)    1372420  46932000000  400000  13780000000  34.10  34.45  33.95 
05/09/2019 34.10  34.10  0.10 (0.29 %)    995180  33975000000  30000  1023000000  34.00  34.45  33.90 
04/09/2019 34.00  34.00  -0.25 (-0.73 %)    1354920  46040000000  313170  10657080000  34.25  34.30  33.85 
03/09/2019 34.25  34.25  -0.20 (-0.58 %)    769960  26514000000  476550  16407616500  34.50  34.80  34.25 
30/08/2019 34.45  34.45  0.10 (0.29 %)    2365610  81196000000  3086330  105991435500  34.70  34.55  34.20 
29/08/2019 34.35  34.35  -0.35 (-1.01 %)    1254640  43106000000  208180  7138983000  34.70  34.70  34.10 
28/08/2019 34.70  34.70  0.20 (0.58 %)    783780  27204000000  1778620  61755465200  34.55  34.95  34.55 
27/08/2019 34.50  34.50  -0.40 (-1.15 %)    1289980  44833000000  0  0  35.00  35.20  34.50 
26/08/2019 34.90  34.90  -0.15 (-0.43 %)    1280630  44631000000  100000  3485000000  34.70  35.05  34.55 
23/08/2019 35.05  35.05  -0.70 (-1.96 %)    2330730  82075000000  200000  7000000000  35.75  35.80  34.90 
22/08/2019 35.75  35.75  -0.15 (-0.42 %)    1195690  42968000000  0  0  36.20  36.25  35.75 
21/08/2019 35.90  35.90  0.30 (0.84 %)    2251310  80956000000  1200000  43177000000  35.50  36.30  35.50 
20/08/2019 35.60  35.60  0.30 (0.85 %)    1964560  69476000000  0  0  35.40  35.85  35.10 
19/08/2019 35.30  35.30  0.15 (0.43 %)    794450  28090000000  100000  3534000000  35.50  35.50  35.25 
16/08/2019 35.15  35.15  -0.25 (-0.71 %)    1346070  47430000000  0  0  35.40  35.40  35.15 
15/08/2019 35.40  35.40  0.70 (2.02 %)    1272570  44119000000  0  0  34.25  35.40  34.25 
14/08/2019 34.70  34.70  -0.20 (-0.57 %)    1313810  46024000000  2711380  94979641400  35.30  35.50  34.70 
13/08/2019 34.90  34.90  -0.55 (-1.55 %)    1698060  59557000000  1600000  55922000000  35.45  35.45  34.85 
12/08/2019 35.45  35.45  -0.05 (-0.14 %)    899890  31899000000  0  0  35.40  35.60  35.25 
09/08/2019 35.50  35.50  0.00 (0.00 %)    957540  34104000000  120000  4548000000  34.70  35.90  35.45 
08/08/2019 35.50  35.50  0.80 (2.31 %)    1611220  56993000000  25987691  921316945950  34.70  35.80  34.70 
07/08/2019 34.70  34.70  -0.15 (-0.43 %)    1539740  53464000000  31000  1151650000  35.10  35.30  34.40 
06/08/2019 34.85  34.85  -0.15 (-0.43 %)    1767970  61622000000  607910  21206452000  34.50  35.35  34.45 
05/08/2019 35.00  35.00  -1.25 (-3.45 %)    2629870  93120000000  344250  12186450000  36.25  36.30  35.00 
02/08/2019 36.25  36.25  -0.75 (-2.03 %)    826290  30115000000  3427481  126216243000  36.40  36.85  36.25 
01/08/2019 37.00  37.00  0.05 (0.14 %)    940850  34834000000  5000000  184750000000  37.00  37.20  36.80 
31/07/2019 36.95  36.95  1.10 (3.07 %)    2277030  82599000000  5116300  184184474000  35.70  37.20  35.35 
30/07/2019 35.85  35.85  -0.90 (-2.45 %)    2019080  72894000000  200000  7202000000  36.75  36.80  35.85 
29/07/2019 36.75  36.75  -0.65 (-1.74 %)    1882300  69155000000  80630  2961539900  37.45  37.45  36.30 
26/07/2019 37.40  37.40  -0.10 (-0.27 %)    926720  34824000000  686565  25772109900  37.50  37.90  37.35 
25/07/2019 37.50  37.50  0.15 (0.40 %)    1647720  62235000000  1774011  66373739700  37.40  37.95  37.30 
24/07/2019 37.35  37.35  0.05 (0.13 %)    1677900  62700000000  600000  22413000000  37.60  37.65  36.95 
23/07/2019 37.30  37.30  0.60 (1.63 %)    1387220  51299000000  7935470  291231749000  36.50  37.40  36.50 
22/07/2019 36.70  36.70  -0.70 (-1.87 %)    1403230  52106000000  0  0  37.40  37.65  36.60 
19/07/2019 37.40  37.40  0.80 (2.19 %)    2259580  84128000000  0  0  36.70  37.40  36.80 
18/07/2019 36.60  36.60  -0.40 (-1.08 %)    1658240  60955000000  0  0  36.70  37.05  36.50 
17/07/2019 37.00  37.00  0.00 (0.00 %)    1389990  51505000000  0  0  36.75  37.40  36.75 
16/07/2019 37.00  37.00  0.75 (2.07 %)    3265530  120131000000  500000  18390000000  36.30  37.00  36.30 
15/07/2019 36.25  36.25  0.35 (0.97 %)    1790970  64982000000  450660  16326198600  36.55  36.65  35.60 
12/07/2019 35.90  35.90  -0.55 (-1.51 %)    1898460  69015000000  0  0  36.55  36.75  35.90 
11/07/2019 36.45  36.45  0.30 (0.83 %)    1568950  56943000000  504372  18249567800  36.20  36.45  36.10 
10/07/2019 36.15  36.15  -0.25 (-0.69 %)    1284570  46614000000  777150  28173344600  36.50  36.50  36.10 
09/07/2019 36.40  36.40  0.60 (1.68 %)    2805310  101361000000  0  0  35.50  36.50  35.45 
08/07/2019 35.80  35.80  0.05 (0.14 %)    1692340  60584000000  1254480  44927658900  35.50  36.20  35.40 
05/07/2019 35.75  35.75  1.00 (2.88 %)    3172840  112877000000  0  0  34.80  35.75  34.80 
04/07/2019 34.75  34.75  0.45 (1.31 %)    1722350  59406000000  0  0  34.40  34.75  34.25 
03/07/2019 34.30  34.30  -0.30 (-0.87 %)    759170  25995000000  852650  29230315500  34.40  34.40  34.10 
02/07/2019 34.60  34.60  0.35 (1.02 %)    1522440  52561000000  179100  6178395000  34.60  34.70  34.10 
01/07/2019 34.25  34.25  0.45 (1.33 %)    872830  29928000000  0  0  34.25  34.40  34.10 
28/06/2019 33.80  33.80  0.05 (0.15 %)    1226980  41413000000  0  0  33.80  34.00  33.50 
27/06/2019 33.75  33.75  -0.60 (-1.75 %)    1111580  37771000000  0  0  33.75  34.35  33.75 
26/06/2019 34.35  34.35  0.05 (0.15 %)    918020  31496000000  1288170  44209231000  34.35  34.40  34.15 
25/06/2019 34.30  34.30  -0.20 (-0.58 %)    863690  29836000000  1113380  38436145200  34.50  34.70  34.25 
24/06/2019 34.50  34.50  0.20 (0.58 %)    861360  29941000000  0  0  34.50  35.00  34.40 
21/06/2019 34.30  34.30  -0.60 (-1.72 %)    1961640  67512000000  950065  33033760050  34.30  34.90  34.30 
20/06/2019 34.90  34.90  0.90 (2.65 %)    914550  31667000000  3083740  106142330800  34.00  34.90  34.00 
19/06/2019 34.00  34.00  0.50 (1.49 %)    655520  22224000000  7439805  252711165600  34.00  34.00  33.70 
18/06/2019 33.50  33.50  -0.50 (-1.47 %)    1493030  50263000000  8755240  298118305400  34.00  34.10  33.35 
17/06/2019 34.00  34.00  -0.90 (-2.58 %)    1079830  37032000000  1058130  36283277700  34.90  34.90  34.00 
14/06/2019 34.90  34.90  0.20 (0.58 %)    593520  20644000000  220000  7651600000  34.60  34.90  34.60 
13/06/2019 34.70  34.70  -0.25 (-0.72 %)    598250  20791000000  0  0  34.70  34.90  34.60 
12/06/2019 34.95  34.95  -0.25 (-0.71 %)    900490  31623000000  0  0  35.15  35.30  34.95 
11/06/2019 35.20  35.20  0.15 (0.43 %)    1331330  46979000000  4443310  155772515500  35.15  35.65  35.05 
10/06/2019 35.05  35.05  0.30 (0.86 %)    1738860  60945000000  102000  3587340000  34.80  35.20  34.80 
07/06/2019 34.75  34.75  0.30 (0.87 %)    844720  29200000000  0  0  34.60  34.80  34.30 
06/06/2019 34.45  34.45  0.10 (0.29 %)    896230  30711000000  0  0  34.35  34.55  33.90 
05/06/2019 34.35  34.35  0.05 (0.15 %)    676220  23266000000  100000  3450000000  34.50  34.65  34.15 
04/06/2019 34.30  34.30  0.50 (1.48 %)    970280  33054000000  220000  7499200000  34.00  34.40  33.80 
03/06/2019 33.80  33.80  -1.00 (-2.87 %)    1803890  61680000000  100000  3432000000  34.25  34.65  33.80 
31/05/2019 34.80  34.80  -0.20 (-0.57 %)    2071330  72303000000  0  0  35.00  35.10  34.50 
30/05/2019 35.00  35.00  0.20 (0.57 %)    1094030  38406000000  9652490  337837150000  34.95  35.30  34.50 
29/05/2019 34.80  34.80  0.20 (0.58 %)    2330360  80526000000  0  0  34.40  35.10  34.20 
28/05/2019 34.60  34.60  -0.65 (-1.84 %)    1920160  66785000000  250000  8715000000  35.30  35.35  34.50 
27/05/2019 35.25  35.25  0.25 (0.71 %)    1049230  36827000000  0  0  34.85  35.25  34.85 
24/05/2019 35.00  35.00  -0.25 (-0.71 %)    2774230  97445000000  324300  11386127800  35.25  35.70  34.80 
23/05/2019 35.25  35.25  -0.55 (-1.54 %)    1688590  59923000000  32615586  1110560703300  35.50  35.85  35.20 
22/05/2019 35.80  35.80  -0.20 (-0.56 %)    1126920  40551000000  0  0  35.80  36.35  35.75 
21/05/2019 36.00  36.00  -0.15 (-0.41 %)    1863050  67183000000  387000  13948020000  36.30  36.30  35.90 
20/05/2019 36.15  36.15  0.15 (0.42 %)    1340870  48538000000  119300  4314695000  36.00  36.50  35.60 
17/05/2019 36.00  36.00  -0.60 (-1.64 %)    3878080  140538000000  1590300  57646686000  36.00  36.55  36.00 
16/05/2019 36.60  36.60  0.00 (0.00 %)    4834930  178762000000  120000  4436400000  36.70  37.30  36.60 
15/05/2019 36.60  36.60  0.60 (1.67 %)    2555920  93535000000  0  0  36.30  36.90  36.15 
14/05/2019 36.00  36.00  0.00 (0.00 %)    1447500  52059000000  1300000  46706000000  35.70  36.30  35.70 
13/05/2019 36.00  36.00  0.65 (1.84 %)    1843190  66248000000  341260  12279282200  35.25  36.20  35.25 
10/05/2019 35.35  35.35  0.25 (0.71 %)    1571780  55418000000  200000  7052000000  35.30  35.70  34.80 
09/05/2019 35.10  35.10  0.00 (0.00 %)    913060  32041000000  507820  17817825600  35.20  35.40  34.90 
08/05/2019 35.10  35.10  0.00 (0.00 %)    1476590  51625000000  422710  14777941600  34.70  35.25  34.60 
07/05/2019 35.10  35.10  -0.10 (-0.28 %)    1143530  40475000000  1156340  40827160900  35.40  35.80  35.00 
06/05/2019 35.20  35.20  -0.90 (-2.49 %)    1798750  63511000000  230000  8100600000  35.10  35.80  35.00 
03/05/2019 36.10  36.10  -0.35 (-0.96 %)    5455180  198818000000  38000  1371800000  36.45  36.90  35.90 
02/05/2019 36.45  36.45  0.45 (1.25 %)    2626910  95213000000  0  0  36.50  36.50  35.90 
26/04/2019 36.00  36.00  0.85 (2.42 %)    3071980  109812000000  0  0  35.00  36.00  35.00 
25/04/2019 35.15  35.15  -0.25 (-0.71 %)    1580250  55464000000  0  0  35.60  35.60  34.90 
24/04/2019 35.40  35.40  0.70 (2.02 %)    1576360  55511000000  0  0  35.00  35.40  34.90 
23/04/2019 34.70  34.70  0.85 (2.51 %)    2128550  73707000000  0  0  33.85  35.15  33.80 
22/04/2019 33.85  33.85  -0.05 (-0.15 %)    966920  32699000000  0  0  33.60  34.00  33.60 
19/04/2019 33.90  33.90  0.00 (0.00 %)    683530  23251000000  0  0  34.15  34.35  33.85 
18/04/2019 33.90  33.90  0.30 (0.89 %)    1830550  62090000000  0  0  33.60  34.35  33.40 
17/04/2019 33.60  33.60  -0.40 (-1.18 %)    1854430  62648000000  2913570  98119356900  34.00  34.25  33.50 
16/04/2019 34.00  34.00  -0.95 (-2.72 %)    2634720  89288000000  200000  6816000000  34.00  34.30  33.40 
12/04/2019 34.95  34.95  0.15 (0.43 %)    1032540  36020000000  0  0  34.30  35.05  34.30 
11/04/2019 34.80  34.80  -0.20 (-0.57 %)    650930  22720000000  0  0  35.30  35.35  34.65 
10/04/2019 35.00  35.00  0.40 (1.16 %)    2632930  91270000000  40880  1419762400  34.50  35.20  34.15 
09/04/2019 34.60  34.60  -1.20 (-3.35 %)    3127600  109983000000  0  0  36.20  36.25  34.40 
08/04/2019 35.80  35.80  0.00 (0.00 %)    1168690  41791000000  426000  15197520000  35.80  36.20  35.40 
05/04/2019 35.80  35.80  0.30 (0.85 %)    1466970  52700000000  224740  8063671200  35.85  36.25  35.65 
04/04/2019 35.50  35.50  0.00 (0.00 %)    1858440  66126000000  0  0  35.50  36.15  35.30 
03/04/2019 35.50  35.50  -0.50 (-1.39 %)    2601580  92357000000  900000  31950000000  35.70  35.90  35.15 
02/04/2019 36.00  36.00  -0.10 (-0.28 %)    3250020  119108000000  200000  7230000000  36.40  37.20  35.90 
01/04/2019 36.10  36.10  1.50 (4.34 %)    3530060  125773000000  315180  11311810200  34.80  36.15  34.70 
29/03/2019 34.60  34.60  0.80 (2.37 %)    4544300  156965000000  4096550  141720268200  34.05  35.25  33.80 
28/03/2019 33.80  33.80  -0.15 (-0.44 %)    1706660  57822000000  1764000  59791099200  33.65  34.25  33.50 
27/03/2019 33.95  33.95  1.05 (3.19 %)    2343980  78826000000  3191760  107543235200  33.20  34.40  32.70 
26/03/2019 32.90  32.90  -0.45 (-1.35 %)    3098380  100949000000  4544850  147575338900  33.90  33.90  31.95 
25/03/2019 33.35  33.35  -1.65 (-4.71 %)    5659310  186853000000  841670  27716193100  34.00  34.30  32.55 
22/03/2019 35.00  35.00  0.50 (1.45 %)    2962930  104118000000  800000  28084000000  35.30  35.50  34.80 
21/03/2019 34.50  34.50  -1.65 (-4.56 %)    3612740  129184000000  256000  9092780000  36.15  36.65  34.50 
20/03/2019 36.15  36.15  -1.55 (-4.11 %)    4855120  176034000000  66565860  2336700912000  37.10  37.20  35.70 
19/03/2019 37.70  37.70  -0.30 (-0.79 %)    1903060  71789000000  929080  34976606800  38.00  38.15  37.00 
18/03/2019 38.00  38.00  0.50 (1.33 %)    1512670  57493000000  187000  7100390000  38.00  38.50  37.60 
15/03/2019 37.50  37.50  -0.50 (-1.32 %)    2999450  112367000000  0  0  37.90  38.00  37.05 
14/03/2019 38.00  38.00  0.20 (0.53 %)    4400440  170495000000  512000  19798780000  37.80  39.95  37.70 
13/03/2019 37.80  37.80  1.10 (3.00 %)    4918140  184644000000  0  0  36.85  37.90  36.80 
12/03/2019 36.70  36.70  1.20 (3.38 %)    3752290  136602000000  0  0  35.60  36.80  35.60 
11/03/2019 35.50  35.50  0.80 (2.31 %)    2248780  78677000000  0  0  34.50  35.50  34.25 
08/03/2019 34.70  34.70  -0.30 (-0.86 %)    1264280  43985000000  0  0  34.55  35.20  34.50 
07/03/2019 35.00  35.00  0.50 (1.45 %)    2793560  98058000000  0  0  35.00  35.45  34.40 
06/03/2019 34.50  34.50  0.30 (0.88 %)    1289640  43935000000  272184  9251819200  34.20  34.50  33.80 
05/03/2019 34.20  34.20  -0.15 (-0.44 %)    2071350  71272000000  2289810  78769914000  34.00  34.60  33.90 
04/03/2019 34.35  34.35  0.35 (1.03 %)    1639580  56216000000  1727720  59158403700  34.00  34.70  34.00 
01/03/2019 34.00  34.00  1.00 (3.03 %)    1236900  41600000000  519500  17530950000  33.45  34.00  33.20 
28/02/2019 33.00  33.00  -1.50 (-4.35 %)    4831010  160755000000  228420  7571354600  34.05  34.40  33.00 
27/02/2019 34.50  34.50  0.00 (0.00 %)    1418370  49300000000  281760  9795960000  34.90  35.20  34.45 
26/02/2019 34.50  34.50  0.60 (1.77 %)    2184700  74449000000  1610190  54859173300  33.80  34.80  33.30 
25/02/2019 33.90  33.90  -1.10 (-3.14 %)    3408000  116479000000  1070330  36465790500  35.60  35.80  33.20 
22/02/2019 35.00  35.00  1.00 (2.94 %)    4170500  146709000000  535000  18802250000  34.30  35.95  34.00 
21/02/2019 34.00  34.00  1.90 (5.92 %)    3820470  127262000000  574140  19285664400  32.00  34.00  31.95 
20/02/2019 32.10  32.10  0.50 (1.58 %)    1960580  62807000000  2746870  87799840000  31.60  32.35  31.60 
19/02/2019 31.60  31.60  -0.05 (-0.16 %)    3160210  100696000000  3000000  94500000000  31.65  32.30  31.35 
18/02/2019 31.65  31.65  0.70 (2.26 %)    1364860  42721000000  0  0  30.90  31.70  30.90 
15/02/2019 30.95  30.95  -0.55 (-1.75 %)    1853120  57671000000  3883640  120553713200  31.15  31.50  30.85 
14/02/2019 31.50  31.50  1.10 (3.62 %)    2560640  79726000000  1684130  51786667000  30.70  31.50  30.45 
13/02/2019 30.40  30.40  0.70 (2.36 %)    1989390  59631000000  80000  2397600000  29.80  30.50  29.75 
12/02/2019 29.70  29.70  0.30 (1.02 %)    2751810  82074000000  374700  11175060000  29.70  30.50  29.30 
11/02/2019 29.40  29.40  0.40 (1.38 %)    844700  24802000000  6247015  183155079800  29.40  29.45  29.15 
01/02/2019 29.00  29.00  -0.20 (-0.68 %)    1869640  53912000000  4428712  126158500400  29.20  29.30  27.55 
31/01/2019 29.20  29.20  -0.10 (-0.34 %)    1650390  48174000000  1432860  41725350300  29.50  29.50  28.95 
30/01/2019 29.30  29.30  -0.10 (-0.34 %)    666640  19518000000  1324300  38762261000  29.45  29.45  29.15 
29/01/2019 29.40  29.40  0.15 (0.51 %)    1013990  29672000000  110000  3217500000  29.45  29.45  29.10 
28/01/2019 29.25  29.25  0.05 (0.17 %)    795190  23312000000  91350  2677468500  29.20  29.40  29.20 
25/01/2019 29.20  29.20  0.00 (0.00 %)    476020  13908000000  0  0  29.15  29.40  29.10 
24/01/2019 29.20  29.20  0.10 (0.34 %)    806970  23603000000  2000000  58840000000  28.75  29.70  28.75 
23/01/2019 29.10  29.10  0.15 (0.52 %)    574730  16528000000  2808760  81030762400  28.80  29.20  28.45 
22/01/2019 28.95  28.95  -0.35 (-1.19 %)    644870  18737000000  153050  4439980500  29.30  29.50  28.90 
21/01/2019 29.30  29.30  0.05 (0.17 %)    470290  13808000000  0  0  29.35  29.70  29.00 
18/01/2019 29.25  29.25  -0.85 (-2.82 %)    664540  19696000000  19765505  594767344600  30.00  30.60  29.25 
17/01/2019 30.10  30.10  -1.35 (-4.29 %)    1081730  32986000000  2000000  60980000000  31.40  31.40  30.10 
16/01/2019 31.45  31.45  0.45 (1.45 %)    1559790  48439000000  532580  17655027000  31.45  31.45  30.70 
15/01/2019 31.00  31.00  0.65 (2.14 %)    1723800  53082000000  0  0  30.35  31.00  30.20 
14/01/2019 30.35  30.35  0.45 (1.51 %)    1377450  41321000000  555370  16666326200  30.00  30.35  29.80 
11/01/2019 29.90  29.90  0.45 (1.53 %)    1834420  54636000000  0  0  29.45  30.00  29.45 
10/01/2019 29.45  29.45  0.40 (1.38 %)    1055420  30939000000  650000  19051500000  29.10  29.50  29.00 
09/01/2019 29.05  29.05  1.45 (5.25 %)    2139870  61424000000  472720  13602916800  27.60  29.15  27.60 
08/01/2019 27.60  27.60  -0.30 (-1.08 %)    687890  19015000000  769600  21246144000  27.90  27.90  27.50 
07/01/2019 27.90  27.90  0.40 (1.45 %)    905730  25536000000  847200  23784217000  28.00  28.50  27.85 
04/01/2019 27.50  27.50  -0.20 (-0.72 %)    982790  26828000000  0  0  27.50  27.80  26.70 
03/01/2019 27.70  27.70  -1.10 (-3.82 %)    1247100  34857000000  1556122  42941467200  28.95  28.95  27.50 
02/01/2019 28.80  28.80  0.90 (3.23 %)    2061280  59368000000  1375650  39415220000  28.80  29.40  28.40 
28/12/2018 27.90  27.90  -1.30 (-4.45 %)    2200470  62918000000  565560  17559394200  29.20  29.30  27.90 
27/12/2018 29.20  29.20  0.00 (0.00 %)    2017410  59059000000  129420  3779064000  29.90  29.90  29.10 
26/12/2018 29.20  29.20  -0.60 (-2.01 %)    1015230  30133000000  707000  20983760000  29.50  29.90  29.20 
25/12/2018 29.80  29.80  0.15 (0.51 %)    1121900  32885000000  0  0  29.00  29.95  28.90 
24/12/2018 29.65  29.65  0.35 (1.19 %)    561130  16541000000  0  0  29.15  29.70  29.15 
21/12/2018 29.30  29.30  -0.80 (-2.66 %)    2017450  59429000000  0  0  30.10  30.10  29.30 
20/12/2018 30.10  30.10  -1.00 (-3.22 %)    1171150  35766000000  500000  15270000000  30.80  31.20  30.10 
19/12/2018 31.10  31.10  -0.50 (-1.58 %)    735120  23087000000  500000  15695000000  31.50  31.70  31.10 
18/12/2018 31.60  31.60  -0.40 (-1.25 %)    1241410  39007000000  83000  2622800000  31.20  31.90  31.00 
17/12/2018 32.00  32.00  -0.20 (-0.62 %)    1643870  52790000000  600000  19284000000  31.90  32.30  31.80 
14/12/2018 32.20  32.20  -0.50 (-1.53 %)    1014790  32950000000  0  0  32.70  32.70  32.20 
13/12/2018 32.70  32.70  -0.10 (-0.30 %)    1262550  41426000000  0  0  32.90  32.95  32.70 
12/12/2018 32.80  32.80  0.35 (1.08 %)    1355590  44174000000  4295000  139844700000  32.50  32.80  32.45 
11/12/2018 32.45  32.45  0.45 (1.41 %)    1487680  48072000000  1455000  46964400000  31.90  32.45  31.90 
10/12/2018 32.00  32.00  -1.00 (-3.03 %)    2467410  79775000000  162000  5229300000  32.80  32.80  31.90 
07/12/2018 33.00  33.00  0.00 (0.00 %)    1466260  48318000000  0  0  32.80  33.20  32.70 
06/12/2018 33.00  33.00  0.05 (0.15 %)    1892180  62174000000  200000  6587000000  32.90  33.10  32.50 
05/12/2018 32.95  32.95  0.25 (0.76 %)    2079660  68315000000  0  0  32.45  33.15  32.25 
04/12/2018 32.70  32.70  1.35 (4.31 %)    3729070  120776000000  1000000  32080000000  31.80  33.20  31.70 
03/12/2018 31.35  31.35  0.65 (2.12 %)    2013330  63201000000  200000  6280000000  30.70  31.55  30.70 
30/11/2018 30.70  30.70  -0.50 (-1.60 %)    1809290  56442000000  420000  13251000000  31.20  31.60  30.70 
29/11/2018 31.20  31.20  0.20 (0.65 %)    1953160  61405000000  177340  5545421800  31.10  31.80  31.10 
28/11/2018 31.00  31.00  0.20 (0.65 %)    636790  19665000000  248000  7668160000  30.80  31.00  30.70 
27/11/2018 30.80  30.80  -0.15 (-0.48 %)    1060950  33112000000  0  0  31.10  31.40  30.80 
26/11/2018 30.95  30.95  0.15 (0.49 %)    718840  22213000000  0  0  30.90  31.20  30.60 
23/11/2018 30.80  30.80  -0.50 (-1.60 %)    883420  27581000000  0  0  31.45  31.50  30.80 
22/11/2018 31.30  31.30  -0.30 (-0.95 %)    763390  24178000000  177000  5587890000  31.85  31.95  31.30 
21/11/2018 31.60  31.60  0.95 (3.10 %)    1678690  52168000000  0  0  30.15  31.65  30.15 
20/11/2018 30.65  30.65  0.50 (1.66 %)    1445630  43821000000  50990  1545506900  30.10  30.65  30.05 
19/11/2018 30.15  30.15  0.15 (0.50 %)    707980  21294000000  0  0  30.00  30.40  29.95 
16/11/2018 30.00  30.00  -0.40 (-1.32 %)    946970  28462000000  268900  8080445000  30.35  30.50  29.90 
15/11/2018 30.40  30.40  0.35 (1.16 %)    748760  22585000000  0  0  30.00  30.40  29.95 
14/11/2018 30.05  30.05  -0.15 (-0.50 %)    949010  28609000000  0  0  30.00  30.50  30.00 
13/11/2018 30.20  30.20  -0.70 (-2.27 %)    878980  26648000000  0  0  30.30  30.60  30.15 
12/11/2018 30.90  30.90  0.05 (0.16 %)    589610  18079000000  0  0  30.60  30.90  30.00 
09/11/2018 30.85  30.85  -0.15 (-0.48 %)    1613770  49908000000  0  0  31.00  31.20  30.70 
08/11/2018 31.00  31.00  0.60 (1.97 %)    1763770  54638000000  0  0  30.60  31.40  30.60 
07/11/2018 30.40  30.40  0.00 (0.00 %)    914420  27639000000  0  0  30.50  30.60  30.05 
06/11/2018 30.40  30.40  -0.30 (-0.98 %)    923790  28280000000  252050  7737935000  31.00  31.00  30.30 
05/11/2018 30.70  30.70  1.05 (3.54 %)    1589870  48279000000  511020  15555515100  29.50  30.90  29.30 
02/11/2018 29.65  29.65  0.40 (1.37 %)    1679450  49834000000  0  0  29.30  30.05  29.30 
01/11/2018 29.25  29.25  -0.55 (-1.85 %)    1140990  34019000000  358490  10654322800  29.95  30.05  29.25 
31/10/2018 29.80  29.80  1.64 (5.81 %)    3496330  103272000000  800000  23265000000  29.00  29.80  28.80 
30/10/2018 28.16  34.50  -0.70 (-1.99 %)    1240750  43639000000  857910  30216350000  35.20  35.75  34.50 
29/10/2018 28.73  35.20  0.20 (0.57 %)    1049850  37692000000  380500  13463700000  35.00  37.45  34.80 
26/10/2018 28.57  35.00  -0.60 (-1.69 %)    1463430  51873000000  125380  4443467200  36.30  36.35  35.00 
25/10/2018 29.06  35.60  -0.60 (-1.66 %)    1559370  54737000000  132000  5023000000  34.20  36.20  34.20 
24/10/2018 29.55  36.20  -0.80 (-2.16 %)    1032200  37856000000  0  0  36.60  37.30  36.20 
23/10/2018 30.20  37.00  -0.50 (-1.33 %)    1449810  53698000000  156000  5770440000  37.20  37.50  36.00 
22/10/2018 30.61  37.50  0.45 (1.21 %)    1688340  64188000000  0  0  37.60  38.30  37.50 
19/10/2018 30.24  37.05  -0.10 (-0.27 %)    1825750  67220000000  0  0  36.75  37.10  36.60 
18/10/2018 30.33  37.15  -0.45 (-1.20 %)    845260  31728000000  0  0  37.60  37.85  37.00 
17/10/2018 30.69  37.60  0.40 (1.08 %)    693600  26170000000  0  0  37.60  38.00  37.50 
16/10/2018 30.37  37.20  0.40 (1.09 %)    926630  34308000000  0  0  37.20  37.30  36.80 
15/10/2018 30.04  36.80  -1.25 (-3.29 %)    1300920  48549000000  0  0  38.05  38.10  36.80 
12/10/2018 31.06  38.05  0.65 (1.74 %)    1991280  74616000000  0  0  37.20  38.35  36.60 
11/10/2018 30.53  37.40  -2.60 (-6.50 %)    2931770  111049000000  0  0  37.40  39.00  37.30 
10/10/2018 32.65  40.00  0.70 (1.78 %)    1202700  47616000000  1253870  49615635900  39.50  40.00  39.20 
09/10/2018 32.08  39.30  0.00 (0.00 %)    1084660  43004000000  154300  6117995000  39.50  39.90  39.30 
08/10/2018 32.08  39.30  -1.70 (-4.15 %)    1896850  75987000000  155000  6119000000  40.50  40.70  39.30 
05/10/2018 33.47  41.00  -0.70 (-1.68 %)    1852510  76346000000  0  0  41.40  41.70  40.80 
04/10/2018 34.04  41.70  0.20 (0.48 %)    910650  37940000000  390000  16830000000  41.50  41.85  41.40 
03/10/2018 33.88  41.50  1.00 (2.47 %)    1245730  51340000000  35000  1417500000  40.50  41.90  40.50 
02/10/2018 33.06  40.50  -0.25 (-0.61 %)    1605930  65568000000  0  0  41.00  41.20  40.50 
01/10/2018 33.26  40.75  -1.15 (-2.74 %)    3307360  137701000000  198000  8244720000  41.30  42.40  40.75 
28/09/2018 34.20  41.90  0.90 (2.20 %)    4333370  180032000000  253250  10550395000  41.00  41.90  40.65 
27/09/2018 33.47  41.00  0.25 (0.61 %)    3614170  149490000000  70000  2894500000  41.00  41.70  40.75 
26/09/2018 33.26  40.75  0.90 (2.26 %)    3416900  138382000000  0  0  39.80  41.25  39.50 
25/09/2018 32.53  39.85  0.35 (0.89 %)    2167430  85836000000  0  0  39.85  39.95  39.00 
24/09/2018 32.24  39.50  1.65 (4.36 %)    2168720  84456000000  157000  6113580000  38.20  39.50  38.10 
21/09/2018 30.90  37.85  0.30 (0.80 %)    6783680  257412000000  730000  27651200000  37.70  38.30  37.70 
20/09/2018 30.65  37.55  0.55 (1.49 %)    838620  31319000000  71000  2651140000  37.00  37.60  37.00 
19/09/2018 30.20  37.00  0.00 (0.00 %)    2059670  76589000000  0  0  37.00  38.00  36.60 
18/09/2018 30.20  37.00  -0.20 (-0.54 %)    1170780  43221000000  308500  11387000000  37.10  37.10  36.80 
17/09/2018 30.37  37.20  -0.65 (-1.72 %)    840080  31440000000  33840  1266292800  37.80  37.85  37.15 
14/09/2018 30.90  37.85  0.15 (0.40 %)    780380  29424000000  400000  15122000000  37.70  38.00  37.40 
13/09/2018 30.77  37.70  -0.20 (-0.53 %)    605180  22818000000  0  0  37.90  38.10  37.50 
12/09/2018 30.94  37.90  -0.40 (-1.04 %)    1076040  41052000000  234640  8948286800  38.30  38.60  37.75 
11/09/2018 31.26  38.30  0.55 (1.46 %)    1343810  51282000000  296270  11305332800  37.80  38.50  37.65 
10/09/2018 30.82  37.75  0.10 (0.27 %)    1093140  41176000000  949440  35755910400  37.70  37.85  37.00 
07/09/2018 30.73  37.65  1.10 (3.01 %)    1606460  59825000000  300000  10215000000  36.55  37.70  36.55 
06/09/2018 29.84  36.55  -0.25 (-0.68 %)    1220580  45090000000  416740  15419380000  37.00  37.30  36.55 
05/09/2018 30.04  36.80  -1.10 (-2.90 %)    1870870  69809000000  20000  785000000  37.80  38.00  36.80 
04/09/2018 30.94  37.90  -1.45 (-3.68 %)    2123050  81840000000  0  0  39.25  39.45  37.90 
31/08/2018 32.12  39.35  -0.60 (-1.50 %)    1535530  60752000000  1508190  59749047800  39.90  39.90  39.35 
30/08/2018 32.61  39.95  0.35 (0.88 %)    943930  37438000000  0  0  39.50  39.95  39.50 
29/08/2018 32.33  39.60  -0.45 (-1.12 %)    1666850  66109000000  0  0  40.00  40.00  39.50 
28/08/2018 32.69  40.05  -0.45 (-1.11 %)    1338450  53764000000  0  0  40.20  40.50  40.00 
27/08/2018 33.06  40.50  -0.20 (-0.49 %)    1020030  41509000000  0  0  40.95  41.00  40.40 
24/08/2018 33.22  40.70  0.10 (0.25 %)    1522280  62401000000  500000  20401454000  40.85  41.40  40.60 
23/08/2018 33.14  40.60  0.65 (1.63 %)    1373150  55850000000  0  0  40.00  41.20  39.90 
22/08/2018 32.61  39.95  0.45 (1.14 %)    883960  35350000000  0  0  40.00  40.25  39.80 
21/08/2018 32.24  39.50  0.00 (0.00 %)    1032810  40690000000  0  0  39.50  39.70  39.25 
20/08/2018 32.24  39.50  -0.35 (-0.88 %)    758030  30102000000  0  0  39.75  40.00  39.50 
17/08/2018 32.53  39.85  -0.15 (-0.37 %)    632150  25272000000  0  0  40.00  40.45  39.80 
16/08/2018 32.65  40.00  0.20 (0.50 %)    1346100  53679000000  0  0  39.55  40.05  39.55 
15/08/2018 32.49  39.80  -0.60 (-1.49 %)    865720  34757000000  116000  4656240000  40.50  40.60  39.80 
14/08/2018 32.98  40.40  0.20 (0.50 %)    1299900  52563000000  0  0  40.50  40.80  40.15 
13/08/2018 32.82  40.20  0.00 (0.00 %)    1104860  44281000000  172890  6939804600  40.00  40.45  39.50 
10/08/2018 32.82  40.20  -0.80 (-1.95 %)    1402470  56641000000  165230  6671987400  40.85  41.20  39.95 
09/08/2018 33.47  41.00  -1.15 (-2.73 %)    1384190  57628000000  420000  17470600000  42.15  42.45  40.85 
08/08/2018 34.41  42.15  0.15 (0.36 %)    1362870  57514000000  270000  11392500000  42.00  42.65  41.75 
07/08/2018 34.28  42.00  0.00 (0.00 %)    1033000  43468000000  200000  8414000000  41.90  42.50  41.80 
06/08/2018 34.28  42.00  0.50 (1.20 %)    1858550  78803000000  199140  8447518800  41.70  42.90  41.60 
03/08/2018 33.88  41.50  1.45 (3.62 %)    2372910  98701000000  508740  21112710000  40.60  42.40  40.25 
02/08/2018 32.69  40.05  -0.65 (-1.60 %)    737700  29755000000  3348710  135036130100  40.95  40.95  39.95 
01/08/2018 33.22  40.70  0.10 (0.25 %)    858810  34902000000  1537770  62477354100  40.60  41.00  40.50 
31/07/2018 33.14  40.60  0.80 (2.01 %)    1817460  73588000000  0  0  39.80  41.80  39.70 
30/07/2018 32.49  39.80  0.60 (1.53 %)    789770  31481000000  100000  4000000000  40.00  40.10  39.50 
27/07/2018 32.00  39.20  -0.90 (-2.24 %)    854230  34173000000  0  0  40.60  40.80  39.20 
26/07/2018 32.73  40.10  -0.90 (-2.20 %)    1817100  72808000000  0  0  41.00  41.00  39.85 
25/07/2018 33.47  41.00  -0.65 (-1.56 %)    903410  37385000000  4263490  178841438200  41.65  41.70  41.00 
24/07/2018 34.00  41.65  -0.20 (-0.48 %)    741670  30940000000  1783000  74880760000  41.30  42.00  41.30 
23/07/2018 34.16  41.85  -0.15 (-0.36 %)    823830  34682000000  1625570  68367565400  41.85  42.80  41.00 
20/07/2018 34.28  42.00  -1.00 (-2.33 %)    2968820  124275000000  1437230  60162447800  42.00  42.50  41.20 
19/07/2018 35.10  43.00  0.00 (0.00 %)    1913300  80701000000  1437230  60622094900  42.90  43.00  41.20 
18/07/2018 35.10  43.00  2.60 (6.44 %)    2647250  112971000000  3311800  141510506000  41.00  43.05  41.00 
17/07/2018 32.98  40.40  2.60 (6.88 %)    1512280  59247000000  3627910  143260234700  38.10  40.40  37.70 
16/07/2018 30.86  37.80  1.30 (3.56 %)    1164760  43438000000  300000  11187000000  37.00  38.10  36.45 
13/07/2018 29.80  36.50  0.00 (0.00 %)    614740  22441000000  1551230  56629895000  36.50  36.70  36.35 
12/07/2018 29.80  36.50  0.80 (2.24 %)    870620  31521000000  255730  9311129300  36.50  36.80  35.70 
11/07/2018 29.14  35.70  -0.60 (-1.65 %)    1002400  35758000000  0  0  35.85  36.20  35.00 
10/07/2018 29.63  36.30  -0.60 (-1.63 %)    572200  21134000000  100000  3690000000  36.90  37.45  36.30 
09/07/2018 30.12  36.90  0.40 (1.10 %)    666540  24976000000  0  0  36.50  37.95  36.50 
06/07/2018 29.80  36.50  -1.15 (-3.05 %)    1038790  38207000000  0  0  36.40  37.80  36.05 
05/07/2018 30.73  37.65  -0.95 (-2.46 %)    640760  24078000000  0  0  38.00  38.50  36.30 
04/07/2018 31.51  38.60  0.30 (0.78 %)    928320  35340000000  0  0  37.90  38.80  37.00 
03/07/2018 31.26  38.30  -0.40 (-1.03 %)    1347510  51343000000  0  0  38.25  38.70  37.10 
02/07/2018 31.59  38.70  -0.10 (-0.26 %)    1154150  43981000000  813240  31263234000  39.00  39.00  37.40 
29/06/2018 31.67  38.80  0.70 (1.84 %)    1982580  76100000000  0  0  38.50  39.05  37.80 
28/06/2018 31.10  38.10  -1.60 (-4.03 %)    750120  28901000000  0  0  39.40  39.50  38.10 
27/06/2018 32.41  39.70  -1.00 (-2.46 %)    445810  17779000000  0  0  40.70  40.70  39.70 
26/06/2018 33.22  40.70  -0.10 (-0.25 %)    833120  33283000000  0  0  40.00  40.70  39.70 
25/06/2018 33.31  40.80  0.80 (2.00 %)    725800  29933000000  0  0  42.00  42.00  40.80 
22/06/2018 32.65  40.00  1.50 (3.90 %)    2029080  79972000000  0  0  38.00  40.00  38.00 
21/06/2018 31.43  38.50  -2.10 (-5.17 %)    1564770  61129000000  0  0  40.60  40.60  38.50 
20/06/2018 33.14  40.60  0.70 (1.75 %)    1244080  50324000000  250000  10115000000  41.00  41.00  39.90 
19/06/2018 32.57  39.90  -2.10 (-5.00 %)    2291390  92839000000  208150  8432156500  41.00  42.00  39.55 
18/06/2018 34.28  42.00  -3.00 (-6.67 %)    653810  28501000000  68000  3230000000  44.60  44.90  42.00 
15/06/2018 36.73  45.00  0.50 (1.12 %)    3948110  177193000000  0  0  44.00  45.00  43.90 
14/06/2018 36.33  44.50  -0.50 (-1.11 %)    658980  29580000000  300000  14400000000  45.40  45.40  44.50 
13/06/2018 36.73  45.00  0.50 (1.12 %)    703960  31427000000  63000  2803500000  44.50  45.00  44.20 
12/06/2018 36.33  44.50  -0.60 (-1.33 %)    1835490  81982000000  267610  12481330400  44.60  45.15  44.00 
11/06/2018 36.82  45.10  0.60 (1.35 %)    1700470  77046000000  91200  4142304000  44.50  46.00  44.50 
08/06/2018 36.33  44.50  -0.50 (-1.11 %)    1029530  45870000000  0  0  44.90  45.20  44.20 
07/06/2018 36.73  45.00  -0.30 (-0.66 %)    1577590  72055000000  340000  15731000000  45.50  46.50  45.00 
06/06/2018 36.98  45.30  0.00 (0.00 %)    862170  39066000000  0  0  45.60  45.80  44.85 
05/06/2018 36.98  45.30  -0.30 (-0.66 %)    770010  35177000000  1285380  58550467200  45.60  46.25  45.10 
04/06/2018 37.22  45.60  0.15 (0.33 %)    1301620  58888000000  744840  33641519600  45.50  45.80  44.70 
01/06/2018 37.10  45.45  2.45 (5.70 %)    2668090  119537000000  300000  13497000000  43.70  45.45  43.15 
31/05/2018 35.10  43.00  1.00 (2.38 %)    1631960  70028000000  11000000  462500000000  41.30  43.40  41.30 
30/05/2018 34.28  42.00  -1.00 (-2.33 %)    1113380  47090000000  10000000  420000000000  42.80  43.00  41.60 
29/05/2018 35.10  43.00  2.70 (6.70 %)    1616060  68004000000  9500000  399000000000  39.20  43.10  39.20 
28/05/2018 32.90  40.30  -0.60 (-1.47 %)    4710840  185550000000  694940  27338939600  39.40  40.30  38.10 
25/05/2018 33.39  40.90  -2.70 (-6.19 %)    2872130  119423000000  0  0  43.80  43.90  40.55 
24/05/2018 35.59  43.60  0.10 (0.23 %)    2242270  97772000000  0  0  43.90  44.50  43.40 
23/05/2018 35.51  43.50  0.50 (1.16 %)    2004030  85609000000  0  0  43.00  43.50  41.50 
22/05/2018 35.10  43.00  -1.60 (-3.59 %)    2855940  125028000000  88500  3858850000  44.30  45.00  42.40 
21/05/2018 36.41  44.60  -2.10 (-4.50 %)    2166530  98268000000  0  0  46.70  47.00  44.60 
18/05/2018 38.12  46.70  0.70 (1.52 %)    1740510  80406000000  0  0  46.90  46.90  45.50 
17/05/2018 37.55  46.00  0.00 (0.00 %)    1723590  79994000000  100000  4750000000  46.00  47.00  45.80 
16/05/2018 37.55  46.00  -1.90 (-3.97 %)    1437910  67268000000  0  0  47.90  47.90  46.00 
15/05/2018 39.10  47.90  -0.95 (-1.94 %)    2182670  105772000000  303000  15225000000  49.00  49.10  47.80 
14/05/2018 39.88  48.85  3.15 (6.89 %)    2378110  112722000000  100000  4829000000  46.10  48.85  45.80 
11/05/2018 37.30  45.70  0.60 (1.33 %)    858310  39007000000  147000  6688500000  44.50  45.90  44.50 
10/05/2018 36.82  45.10  0.00 (0.00 %)    1532550  68871000000  0  0  45.10  45.20  44.30 
09/05/2018 36.82  45.10  -0.70 (-1.53 %)    801110  36506000000  45000  2061000000  46.00  46.00  45.10 
08/05/2018 37.39  45.80  -1.00 (-2.14 %)    993570  45987000000  201440  10072000000  46.80  46.90  45.80 
07/05/2018 38.20  46.80  0.05 (0.11 %)    1779760  83205000000  0  0  46.95  46.95  46.60 
04/05/2018 38.16  46.75  0.45 (0.97 %)    1853480  86378000000  0  0  46.50  47.20  45.60 
03/05/2018 37.79  46.30  0.00 (0.00 %)    7397000  338790000000  0  0  46.30  47.50  44.80 
02/05/2018 37.79  46.30  0.00 (0.00 %)    5343670  244997000000  200000  9160000000  46.30  47.00  44.80 
27/04/2018 37.79  46.30  0.80 (1.76 %)    1568390  72451000000  124210  5336555000  46.20  46.80  45.40 
26/04/2018 37.14  45.50  -2.50 (-5.21 %)    2559440  117353000000  35700  1713600000  48.05  48.05  44.90 
24/04/2018 39.18  48.00  2.50 (5.49 %)    1978120  92849000000  3000000  144000000000  44.80  48.30  44.70 
23/04/2018 37.14  45.50  -2.50 (-5.21 %)    1661040  77072000000  4244000  203223600000  45.50  48.60  45.00 
20/04/2018 39.18  48.00  1.20 (2.56 %)    1434640  67592000000  0  0  46.80  48.00  46.50 
19/04/2018 38.20  46.80  -1.20 (-2.50 %)    2471560  117697000000  114000  5428800000  48.20  48.90  46.80 
18/04/2018 39.18  48.00  -2.00 (-4.00 %)    2055070  101248000000  0  0  50.20  50.50  48.00 
17/04/2018 40.82  50.00  -0.70 (-1.38 %)    1233470  61962000000  0  0  50.70  51.00  49.95 
16/04/2018 41.39  50.70  -0.10 (-0.20 %)    665980  33569000000  0  0  50.20  51.20  49.90 
13/04/2018 41.47  50.80  -1.00 (-1.93 %)    789100  40492000000  654270  33570593700  52.30  52.40  50.80 
12/04/2018 42.28  51.80  0.80 (1.57 %)    2250890  116804000000  0  0  51.00  52.50  50.70 
11/04/2018 41.63  51.00  -2.00 (-3.77 %)    2465650  128740000000  6552950  346899342000  53.00  53.00  51.00 
10/04/2018 43.26  53.00  -0.50 (-0.93 %)    2853710  151954000000  0  0  53.50  54.00  52.60 
09/04/2018 43.67  53.50  1.00 (1.90 %)    3921740  210900000000  2077680  111326853600  53.50  54.30  53.10 
06/04/2018 42.86  52.50  3.30 (6.71 %)    3742930  193159000000  100000  5160000000  49.00  52.60  49.00 
05/04/2018 40.16  49.20  -0.30 (-0.61 %)    1075160  53169000000  248080  12242748000  49.50  50.00  49.20 
04/04/2018 40.41  49.50  -0.40 (-0.80 %)    1132560  56246000000  4130000  206455800000  50.00  50.30  49.30 
03/04/2018 40.73  49.90  0.00 (0.00 %)    2078100  102511000000  160080  7887141600  50.00  50.40  48.90 
02/04/2018 40.73  49.90  -1.30 (-2.54 %)    2006810  101097000000  300000  15900000000  51.20  51.40  49.85 
30/03/2018 41.79  51.20  0.20 (0.39 %)    1682610  85775000000  3000000  153000000000  50.80  51.40  50.30 
29/03/2018 41.63  51.00  0.20 (0.39 %)    1549830  78475000000  1604410  81025739500  51.40  51.40  49.60 
28/03/2018 41.47  50.80  0.50 (0.99 %)    710900  36213000000  687800  33175154000  50.70  51.50  50.30 
27/03/2018 41.06  50.30  1.70 (3.50 %)    1625420  81695000000  322740  16220912400  50.00  50.90  49.50 
26/03/2018 39.67  48.60  -1.30 (-2.61 %)    2399520  117367000000  0  0  49.50  50.00  48.50 
23/03/2018 40.73  49.90  -1.90 (-3.67 %)    2521210  126321000000  0  0  50.20  50.80  49.20 
22/03/2018 42.28  51.80  0.30 (0.58 %)    1412140  73218000000  150000  7776000000  51.50  52.50  51.50 
21/03/2018 42.04  51.50  -1.30 (-2.46 %)    3173550  164280000000  842770  42138500000  52.80  52.90  50.70 
20/03/2018 43.10  52.80  -0.20 (-0.38 %)    1240830  65629000000  270000  14344000000  53.00  53.30  52.50 
19/03/2018 43.26  53.00  0.80 (1.53 %)    1745990  92344000000  650000  34430000000  53.00  53.60  52.20 
16/03/2018 42.61  52.20  -0.80 (-1.51 %)    15641390  817825000000  17709450  928333290000  52.20  54.10  52.20 
15/03/2018 43.26  53.00  -0.50 (-0.93 %)    6265540  331326000000  0  0  53.20  54.50  51.50 
14/03/2018 43.67  53.50  -2.30 (-4.12 %)    4665300  253655000000  0  0  55.90  56.20  53.30 
13/03/2018 45.55  55.80  0.00 (0.00 %)    5678180  315175000000  1346460  75028530000  56.00  56.00  54.90 
12/03/2018 45.55  55.80  0.10 (0.18 %)    5799900  326232000000  4664320  261221256800  55.80  57.60  55.80 
09/03/2018 45.47  55.70  0.00 (0.00 %)    3884030  217706000000  266600  14942930000  56.20  57.00  55.00 
08/03/2018 45.47  55.70  1.10 (2.01 %)    2586890  143081000000  2000000  110000000000  55.00  56.00  54.50 
07/03/2018 44.57  54.60  -0.30 (-0.55 %)    2847760  156319000000  500000  27445000000  55.50  56.10  54.00 
06/03/2018 44.81  54.90  3.50 (6.81 %)    3849780  207132000000  200000  10760000000  52.90  54.90  52.10 
05/03/2018 41.96  51.40  -3.80 (-6.88 %)    4686530  260117000000  29000  1537000000  55.90  56.40  51.40 
02/03/2018 45.06  55.20  -0.20 (-0.36 %)    3044310  167890000000  0  0  54.40  55.50  54.40 
01/03/2018 45.22  55.40  1.60 (2.97 %)    3196120  175026000000  0  0  54.50  55.50  54.00 
28/02/2018 43.92  53.80  -1.10 (-2.00 %)    5531320  301455000000  140890  7678505000  54.00  55.90  53.80 
27/02/2018 44.81  54.90  -0.10 (-0.18 %)    3097420  170812000000  2000000  110000000000  55.20  56.80  53.80 
26/02/2018 44.90  55.00  3.40 (6.59 %)    5377610  293522000000  554450  30311741000  54.00  55.20  52.70 
23/02/2018 42.12  51.60  1.70 (3.41 %)    3430070  174270000000  0  0  50.00  51.60  49.80 
22/02/2018 40.73  49.90  0.40 (0.81 %)    3575630  177157000000  1000000  49540000000  49.00  49.90  49.00 
21/02/2018 40.41  49.50  1.45 (3.02 %)    2928020  144818000000  746800  37041280000  50.00  50.00  48.70 
13/02/2018 39.22  48.05  0.30 (0.63 %)    3305870  158521000000  3460110  165490030000  47.90  48.20  47.70 
12/02/2018 38.98  47.75  0.00 (0.00 %)    3845820  180749000000  0  0  47.90  48.45  45.50 
09/02/2018 38.98  47.75  -1.25 (-2.55 %)    3215790  150342000000  10760000  513790000000  45.80  47.75  45.60 
08/02/2018 40.00  49.00  -2.00 (-3.92 %)    1062120  53043000000  602000  30160200000  50.00  51.50  49.00 
07/02/2018 41.63  51.00  3.25 (6.81 %)    3212830  162756150000  0  0  50.40  51.00  49.10 
06/02/2018 38.98  47.75  -3.55 (-6.92 %)    9071240  433575000000  94500000  4512375000000  47.75  51.00  47.75 
05/02/2018 41.88  51.30  -3.80 (-6.90 %)    3142830  164176930000  278000  15012000000  54.00  54.50  51.30 
02/02/2018 44.98  55.10  0.10 (0.18 %)    1375890  75419000000  859000  47081790000  54.90  55.10  54.40 
01/02/2018 44.90  55.00  -0.40 (-0.72 %)    3912850  211519000000  0  0  55.50  55.50  53.00 
31/01/2018 45.22  55.40  0.20 (0.36 %)    6251570  352642000000  0  0  55.90  58.70  55.40 
30/01/2018 45.06  55.20  0.20 (0.36 %)    2951010  162872000000  122490  6760223100  55.00  56.30  54.50 
29/01/2018 44.90  55.00  0.00 (0.00 %)    4390910  245173000000  0  0  56.90  57.90  54.90 
26/01/2018 44.90  55.00  -1.00 (-1.79 %)    4619400  260127000000  2000000  105000000000  57.00  58.50  55.00 
25/01/2018 45.71  56.00  -3.50 (-5.88 %)    7105690  422373000000  686490  40951743000  59.00  61.40  56.00 
22/01/2018 48.57  59.50  -1.50 (-2.46 %)    3749050  223304000000  2540000  149860000000  60.10  61.00  58.50 
19/01/2018 49.79  61.00  3.50 (6.09 %)    3426360  207620000000  0  0  58.70  61.50  58.50 
18/01/2018 46.94  57.50  2.50 (4.55 %)    2999350  169149000000  400000  22556000000  54.60  58.80  54.50 
17/01/2018 44.90  55.00  1.10 (2.04 %)    3459330  192477000000  1618000  89758680000  54.30  57.30  54.00 
16/01/2018 44.00  53.90  -0.70 (-1.28 %)    2440360  132566000000  1000000  54000000000  54.90  54.90  53.80 
15/01/2018 44.57  54.60  -0.40 (-0.73 %)    2874160  157969840000  2124860  114017505600  55.00  55.60  53.70 
12/01/2018 44.90  55.00  3.10 (5.97 %)    4587910  250186320000  20000  1060000000  52.20  55.50  52.10 
11/01/2018 42.37  51.90  2.10 (4.22 %)    2676140  137762000000  110200  5697340000  49.70  52.20  49.00 
10/01/2018 40.65  49.80  2.80 (5.96 %)    3018830  147979000000  50000  2380000000  47.00  50.20  47.00 
09/01/2018 38.37  47.00  0.60 (1.29 %)    1945080  91262000000  240000  11260800000  46.50  47.30  46.40 
08/01/2018 37.88  46.40  -0.60 (-1.28 %)    1708070  79440000000  200000  9300000000  47.00  47.15  46.20 
05/01/2018 38.37  47.00  -0.20 (-0.42 %)    1664520  78455000000  500000  23578500000  47.20  47.50  46.95 
04/01/2018 38.53  47.20  -0.20 (-0.42 %)    935370  44311000000  1000000  47331000000  47.85  48.00  46.90 
03/01/2018 38.69  47.40  0.05 (0.11 %)    1663590  79803000000  250000  11826000000  47.50  48.45  47.40 
02/01/2018 38.65  47.35  0.20 (0.42 %)    596280  28271750000  561510  26555772000  47.10  47.70  47.10 
29/12/2017 38.49  47.15  0.25 (0.53 %)    2825760  132922000000  0  0  46.80  47.75  46.20 
28/12/2017 38.28  46.90  -0.55 (-1.16 %)    940350  44250000000  600330  28872422500  47.70  47.70  46.90 
27/12/2017 38.73  47.45  -0.55 (-1.15 %)    1103520  52471000000  120000  5704800000  47.80  48.20  47.35 
26/12/2017 39.18  48.00  1.00 (2.13 %)    1555640  73975000000  500000  23790000000  47.20  48.45  46.80 
25/12/2017 38.37  47.00  -0.80 (-1.67 %)    881540  41718000000  175040  8944544000  47.80  48.00  47.00 
22/12/2017 39.02  47.80  -0.40 (-0.83 %)    962890  46744000000  604890  29361360600  48.20  48.85  47.80 
21/12/2017 39.35  48.20  2.40 (5.24 %)    2896650  137440000000  1050000  50155000000  46.00  48.30  45.80 
20/12/2017 37.39  45.80  -0.50 (-1.08 %)    1430200  65594000000  150000  6465000000  45.70  46.20  45.60 
19/12/2017 37.79  46.30  0.00 (0.00 %)    1297970  60256000000  0  0  46.65  46.95  45.40 
18/12/2017 37.79  46.30  0.40 (0.87 %)    2414320  111718000000  86800  4025040000  46.60  46.90  45.90 
15/12/2017 37.47  45.90  0.70 (1.55 %)    1761240  80715870000  0  0  45.10  46.40  45.10 
14/12/2017 36.90  45.20  -0.65 (-1.42 %)    1424710  64405000000  64000  2891520000  45.70  45.80  44.90 
13/12/2017 37.43  45.85  -0.15 (-0.33 %)    883220  40365000000  0  0  46.00  46.10  45.40 
12/12/2017 37.55  46.00  1.00 (2.22 %)    1598220  72181000000  0  0  45.20  46.10  43.10 
11/12/2017 36.73  45.00  -2.00 (-4.26 %)    943290  42957000000  36800  1840000000  45.00  46.50  45.00 
08/12/2017 38.37  47.00  1.00 (2.17 %)    1558790  71621000000  100000  4641000000  46.00  47.65  44.40 
07/12/2017 37.55  46.00  -1.10 (-2.34 %)    1067350  49868000000  0  0  47.70  47.90  46.00 
06/12/2017 38.45  47.10  -0.90 (-1.88 %)    1834150  86768000000  0  0  48.00  48.50  46.70 
05/12/2017 39.18  48.00  -1.50 (-3.03 %)    1980030  97065000000  500000  24850000000  50.00  50.00  47.90 
04/12/2017 40.41  49.50  0.00 (0.00 %)    1584010  78207000000  520000  25771000000  49.90  50.00  48.85 
01/12/2017 40.41  49.50  0.50 (1.02 %)    1312140  64713000000  96000  4377600000  49.20  49.90  48.50 
30/11/2017 40.00  49.00  -0.40 (-0.81 %)    3235960  156943000000  0  0  49.00  49.00  47.85 
29/11/2017 40.33  49.40  -0.40 (-0.80 %)    1595900  78725000000  0  0  49.50  50.20  48.85 
28/11/2017 40.65  49.80  -1.30 (-2.54 %)    2811900  141464000000  638000  31696900000  51.90  51.90  49.50 
27/11/2017 41.71  51.10  0.50 (0.99 %)    3451040  173151000000  21000  989100000  50.60  52.00  49.00 
24/11/2017 41.30  50.60  -1.40 (-2.69 %)    2384820  122445000000  209000  10671480000  51.50  52.10  50.50 
23/11/2017 42.45  52.00  0.40 (0.78 %)    2316540  120077000000  0  0  51.60  52.80  50.50 
22/11/2017 42.12  51.60  0.60 (1.18 %)    7455670  389095000000  0  0  51.50  54.00  50.40 
21/11/2017 41.63  51.00  3.30 (6.92 %)    8062730  409220000000  450000  22950000000  49.90  51.00  49.00 
20/11/2017 38.94  47.70  3.10 (6.95 %)    3176670  149945000000  150000  7080000000  45.60  47.70  45.00 
17/11/2017 36.41  44.60  0.60 (1.36 %)    10742380  478064000000  530010  23543445000  44.00  45.50  43.30 
16/11/2017 35.92  44.00  -0.50 (-1.12 %)    5521990  241720000000  649500  28097300000  44.50  44.50  42.75 
15/11/2017 36.33  44.50  -2.50 (-5.32 %)    6550260  294452000000  565000  25041050000  44.50  47.00  43.80 
14/11/2017 38.37  47.00  0.65 (1.40 %)    15464870  756942000000  2819630  139043466500  49.55  49.55  46.35 
13/11/2017 37.84  46.35  3.00 (6.92 %)    132380  6136000000  2354822  108592249700  46.35  46.35  46.35 
10/11/2017 35.39  43.35  2.80 (6.91 %)    31030  1345000000  2105000  88293000000  43.35  43.35  43.35 
09/11/2017 33.10  40.55  0.00 (0.00 %)    0  0  0  0  40.55  40.55  40.55 
08/11/2017 33.10  40.55  0.00 (0.00 %)    0  0  0  0  40.55  40.55  40.55 
07/11/2017 33.10  40.55  0.00 (0.00 %)    0  0  414939570  16861296817200  40.55  40.55  40.55 
06/11/2017 33.10  40.55  6.75 (19.97 %)    800  32000000  0  0  40.55  40.55  40.55 
